507.00000 0.00003
508.00000 0.00007
509.00000 0.00015
510.00000 0.00031
511.00000 0.00064
512.00000 0.00127
513.00000 0.00244
514.00000 0.00452
515.00000 0.00809
516.00000 0.01403
517.00000 0.02352
518.00000 0.03813
519.00000 0.05980
520.00000 0.09072
521.00000 0.13310
522.00000 0.18888
523.00000 0.25924
524.00000 0.34415
525.00000 0.44190
526.00000 0.54881
527.00000 0.65924
528.00000 0.76593
529.00000 0.86071
530.00000 0.93551
531.00000 0.98347
532.00000 1.00000
533.00000 0.98347
534.00000 0.93551
535.00000 0.86071
536.00000 0.76593
537.00000 0.65924
538.00000 0.54881
539.00000 0.44190
540.00000 0.34415
541.00000 0.25924
542.00000 0.18888
543.00000 0.13310
544.00000 0.09072
545.00000 0.05980
546.00000 0.03813
547.00000 0.02352
548.00000 0.01403
549.00000 0.00809
550.00000 0.00452
551.00000 0.00244
552.00000 0.00127
553.00000 0.00064
554.00000 0.00031
555.00000 0.00015
556.00000 0.00007
557.00000 0.00003
