Position (mm), Angle (deg), Efficiency
0, 0, 0.94430
0, 10, 0.94414
0, 20, 0.94498
0, 30, 0.94637
0, 40, 0.94811
0, 50, 0.94395
0, 60, 0.92154
0, 70, 0.85311
0, 80, 0.64785
1, 0, 0.94562
1, 10, 0.94620
1, 20, 0.94741
1, 30, 0.94909
1, 40, 0.94858
1, 50, 0.94414
1, 60, 0.92336
1, 70, 0.85666
1, 80, 0.65729
2, 0, 0.94531
2, 10, 0.94590
2, 20, 0.94747
2, 30, 0.94972
2, 40, 0.94924
2, 50, 0.94579
2, 60, 0.92521
2, 70, 0.85904
2, 80, 0.66443
3, 0, 0.94623
3, 10, 0.94657
3, 20, 0.94797
3, 30, 0.94900
3, 40, 0.94920
3, 50, 0.94649
3, 60, 0.92717
3, 70, 0.86240
3, 80, 0.67566
4, 0, 0.94365
4, 10, 0.94419
4, 20, 0.94574
4, 30, 0.94780
4, 40, 0.94954
4, 50, 0.94561
4, 60, 0.92705
4, 70, 0.86473
4, 80, 0.68019
5, 0, 0.94313
5, 10, 0.94380
5, 20, 0.94516
5, 30, 0.94832
5, 40, 0.95000
5, 50, 0.94625
5, 60, 0.92779
5, 70, 0.86702
5, 80, 0.68770
6, 0, 0.94475
6, 10, 0.94541
6, 20, 0.94651
6, 30, 0.94838
6, 40, 0.95001
6, 50, 0.94590
6, 60, 0.92836
6, 70, 0.87231
6, 80, 0.69649
7, 0, 0.94432
7, 10, 0.94500
7, 20, 0.94685
7, 30, 0.94822
7, 40, 0.94917
7, 50, 0.94646
7, 60, 0.92995
7, 70, 0.87661
7, 80, 0.70191
8, 0, 0.94478
8, 10, 0.94517
8, 20, 0.94665
8, 30, 0.94928
8, 40, 0.95076
8, 50, 0.94770
8, 60, 0.93031
8, 70, 0.87766
8, 80, 0.71132
9, 0, 0.94430
9, 10, 0.94492
9, 20, 0.94722
9, 30, 0.94903
9, 40, 0.95021
9, 50, 0.94724
9, 60, 0.93177
9, 70, 0.87927
9, 80, 0.71607
10, 0, 0.94454
10, 10, 0.94538
10, 20, 0.94675
10, 30, 0.94878
10, 40, 0.95041
10, 50, 0.94853
10, 60, 0.93326
10, 70, 0.88021
10, 80, 0.72125
11, 0, 0.94309
11, 10, 0.94374
11, 20, 0.94509
11, 30, 0.94776
11, 40, 0.94942
11, 50, 0.94821
11, 60, 0.93430
11, 70, 0.88494
11, 80, 0.72466
12, 0, 0.94394
12, 10, 0.94436
12, 20, 0.94622
12, 30, 0.94801
12, 40, 0.95020
12, 50, 0.94892
12, 60, 0.93429
12, 70, 0.88420
12, 80, 0.73190
13, 0, 0.94406
13, 10, 0.94551
13, 20, 0.94712
13, 30, 0.94877
13, 40, 0.95051
13, 50, 0.94774
13, 60, 0.93622
13, 70, 0.88818
13, 80, 0.73895
14, 0, 0.94178
14, 10, 0.94271
14, 20, 0.94462
14, 30, 0.94687
14, 40, 0.94847
14, 50, 0.94668
14, 60, 0.93455
14, 70, 0.88923
14, 80, 0.74226
15, 0, 0.94219
15, 10, 0.94276
15, 20, 0.94445
15, 30, 0.94765
15, 40, 0.95039
15, 50, 0.94890
15, 60, 0.93597
15, 70, 0.89168
15, 80, 0.74660
16, 0, 0.94174
16, 10, 0.94227
16, 20, 0.94420
16, 30, 0.94659
16, 40, 0.94892
16, 50, 0.94743
16, 60, 0.93729
16, 70, 0.89265
16, 80, 0.75173
17, 0, 0.94196
17, 10, 0.94281
17, 20, 0.94452
17, 30, 0.94730
17, 40, 0.94871
17, 50, 0.94826
17, 60, 0.93588
17, 70, 0.89495
17, 80, 0.75426
18, 0, 0.94073
18, 10, 0.94137
18, 20, 0.94357
18, 30, 0.94566
18, 40, 0.94780
18, 50, 0.94761
18, 60, 0.93668
18, 70, 0.89483
18, 80, 0.76080
19, 0, 0.94093
19, 10, 0.94160
19, 20, 0.94311
19, 30, 0.94541
19, 40, 0.94732
19, 50, 0.94788
19, 60, 0.93744
19, 70, 0.89720
19, 80, 0.76701
20, 0, 0.94025
20, 10, 0.94118
20, 20, 0.94301
20, 30, 0.94514
20, 40, 0.94793
20, 50, 0.94696
20, 60, 0.93660
20, 70, 0.89925
20, 80, 0.76879
21, 0, 0.94018
21, 10, 0.94086
21, 20, 0.94319
21, 30, 0.94641
21, 40, 0.94799
21, 50, 0.94818
21, 60, 0.93778
21, 70, 0.89925
21, 80, 0.77418
22, 0, 0.93953
22, 10, 0.94069
22, 20, 0.94260
22, 30, 0.94563
22, 40, 0.94756
22, 50, 0.94704
22, 60, 0.93844
22, 70, 0.90067
22, 80, 0.77780
23, 0, 0.93978
23, 10, 0.94043
23, 20, 0.94254
23, 30, 0.94524
23, 40, 0.94747
23, 50, 0.94709
23, 60, 0.93888
23, 70, 0.90122
23, 80, 0.77863
24, 0, 0.93880
24, 10, 0.94068
24, 20, 0.94250
24, 30, 0.94493
24, 40, 0.94782
24, 50, 0.94723
24, 60, 0.93841
24, 70, 0.90261
24, 80, 0.78192
25, 0, 0.93887
25, 10, 0.93954
25, 20, 0.94153
25, 30, 0.94392
25, 40, 0.94635
25, 50, 0.94737
25, 60, 0.93787
25, 70, 0.90501
25, 80, 0.78621
26, 0, 0.93696
26, 10, 0.93869
26, 20, 0.94115
26, 30, 0.94355
26, 40, 0.94605
26, 50, 0.94711
26, 60, 0.93915
26, 70, 0.90526
26, 80, 0.79017
27, 0, 0.93563
27, 10, 0.93725
27, 20, 0.93910
27, 30, 0.94223
27, 40, 0.94470
27, 50, 0.94550
27, 60, 0.93916
27, 70, 0.90518
27, 80, 0.79414
28, 0, 0.93486
28, 10, 0.93718
28, 20, 0.93969
28, 30, 0.94294
28, 40, 0.94512
28, 50, 0.94606
28, 60, 0.93954
28, 70, 0.90805
28, 80, 0.79683
29, 0, 0.93414
29, 10, 0.93620
29, 20, 0.93829
29, 30, 0.94086
29, 40, 0.94416
29, 50, 0.94562
29, 60, 0.93874
29, 70, 0.90691
29, 80, 0.79821
30, 0, 0.93357
30, 10, 0.93494
30, 20, 0.93748
30, 30, 0.94094
30, 40, 0.94442
30, 50, 0.94518
30, 60, 0.93942
30, 70, 0.90904
30, 80, 0.80160
31, 0, 0.93124
31, 10, 0.93377
31, 20, 0.93684
31, 30, 0.94026
31, 40, 0.94346
31, 50, 0.94470
31, 60, 0.93775
31, 70, 0.90965
31, 80, 0.80606
32, 0, 0.93076
32, 10, 0.93342
32, 20, 0.93591
32, 30, 0.93986
32, 40, 0.94308
32, 50, 0.94420
32, 60, 0.93847
32, 70, 0.90903
32, 80, 0.80500
33, 0, 0.92973
33, 10, 0.93400
33, 20, 0.93690
33, 30, 0.94053
33, 40, 0.94317
33, 50, 0.94490
33, 60, 0.93977
33, 70, 0.91157
33, 80, 0.80846
34, 0, 0.92797
34, 10, 0.93101
34, 20, 0.93424
34, 30, 0.93874
34, 40, 0.94260
34, 50, 0.94471
34, 60, 0.93880
34, 70, 0.91213
34, 80, 0.81014
35, 0, 0.92589
35, 10, 0.92992
35, 20, 0.93267
35, 30, 0.93585
35, 40, 0.93977
35, 50, 0.94176
35, 60, 0.93712
35, 70, 0.91124
35, 80, 0.81410
36, 0, 0.92437
36, 10, 0.92892
36, 20, 0.93250
36, 30, 0.93672
36, 40, 0.93992
36, 50, 0.94238
36, 60, 0.93839
36, 70, 0.91274
36, 80, 0.81776
37, 0, 0.92327
37, 10, 0.92846
37, 20, 0.93227
37, 30, 0.93683
37, 40, 0.94093
37, 50, 0.94351
37, 60, 0.93923
37, 70, 0.91367
37, 80, 0.81940
38, 0, 0.91882
38, 10, 0.92765
38, 20, 0.93257
38, 30, 0.93618
38, 40, 0.94056
38, 50, 0.94354
38, 60, 0.93935
38, 70, 0.91439
38, 80, 0.82261
39, 0, 0.00000
39, 10, 0.92561
39, 20, 0.92980
39, 30, 0.93441
39, 40, 0.93801
39, 50, 0.94004
39, 60, 0.93818
39, 70, 0.91362
39, 80, 0.82255
40, 0, 0.00010
40, 10, 0.92352
40, 20, 0.92815
40, 30, 0.93219
40, 40, 0.93729
40, 50, 0.93976
40, 60, 0.93655
40, 70, 0.91589
40, 80, 0.82590
41, 0, 0.00060
41, 10, 0.91964
41, 20, 0.92783
41, 30, 0.93301
41, 40, 0.93697
41, 50, 0.94017
41, 60, 0.93629
41, 70, 0.91422
41, 80, 0.82444
42, 0, 0.00007
42, 10, 0.91704
42, 20, 0.92653
42, 30, 0.93169
42, 40, 0.93645
42, 50, 0.94033
42, 60, 0.93779
42, 70, 0.91564
42, 80, 0.82829
43, 0, 0.89960
43, 10, 0.00003
43, 20, 0.92554
43, 30, 0.93021
43, 40, 0.93549
43, 50, 0.93849
43, 60, 0.93644
43, 70, 0.91658
43, 80, 0.83118
44, 0, 0.89972
44, 10, 0.00001
44, 20, 0.92230
44, 30, 0.92945
44, 40, 0.93440
44, 50, 0.93856
44, 60, 0.93576
44, 70, 0.91579
44, 80, 0.83172
45, 0, 0.90137
45, 10, 0.00014
45, 20, 0.92026
45, 30, 0.93064
45, 40, 0.93518
45, 50, 0.93892
45, 60, 0.93633
45, 70, 0.91593
45, 80, 0.83349
46, 0, 0.90005
46, 10, 0.00129
46, 20, 0.91696
46, 30, 0.92660
46, 40, 0.93324
46, 50, 0.93694
46, 60, 0.93510
46, 70, 0.91838
46, 80, 0.83589
47, 0, 0.90001
47, 10, 0.00007
47, 20, 0.91567
47, 30, 0.92550
47, 40, 0.93199
47, 50, 0.93586
47, 60, 0.93551
47, 70, 0.91730
47, 80, 0.84001
48, 0, 0.89994
48, 10, 0.89951
48, 20, 0.00006
48, 30, 0.92552
48, 40, 0.93223
48, 50, 0.93613
48, 60, 0.93514
48, 70, 0.91961
48, 80, 0.83963
49, 0, 0.89867
49, 10, 0.90092
49, 20, 0.00017
49, 30, 0.91951
49, 40, 0.92865
49, 50, 0.93450
49, 60, 0.93400
49, 70, 0.91660
49, 80, 0.84160
50, 0, 0.89753
50, 10, 0.90045
50, 20, 0.00010
50, 30, 0.91820
50, 40, 0.92896
50, 50, 0.93396
50, 60, 0.93421
50, 70, 0.91739
50, 80, 0.84304
51, 0, 0.90045
51, 10, 0.90268
51, 20, 0.00089
51, 30, 0.91543
51, 40, 0.92947
51, 50, 0.93406
51, 60, 0.93426
51, 70, 0.91913
51, 80, 0.84168
52, 0, 0.89734
52, 10, 0.89948
52, 20, 0.00008
52, 30, 0.91253
52, 40, 0.92504
52, 50, 0.93079
52, 60, 0.93259
52, 70, 0.91703
52, 80, 0.84349
53, 0, 0.00000
53, 10, 0.90040
53, 20, 0.00000
53, 30, 0.00011
53, 40, 0.92422
53, 50, 0.93102
53, 60, 0.93216
53, 70, 0.91730
53, 80, 0.84765
54, 0, 0.00000
54, 10, 0.89867
54, 20, 0.89942
54, 30, 0.00005
54, 40, 0.91990
54, 50, 0.92976
54, 60, 0.93179
54, 70, 0.91755
54, 80, 0.84582
55, 0, 0.00000
55, 10, 0.89727
55, 20, 0.90046
55, 30, 0.00021
55, 40, 0.91989
55, 50, 0.92997
55, 60, 0.93073
55, 70, 0.91723
55, 80, 0.84753
56, 0, 0.00000
56, 10, 0.00000
56, 20, 0.90080
56, 30, 0.00025
56, 40, 0.91615
56, 50, 0.92692
56, 60, 0.92908
56, 70, 0.91921
56, 80, 0.85070
57, 0, 0.00000
57, 10, 0.00000
57, 20, 0.89877
57, 30, 0.00015
57, 40, 0.91433
57, 50, 0.92595
57, 60, 0.92971
57, 70, 0.91914
57, 80, 0.85139
58, 0, 0.00000
58, 10, 0.00000
58, 20, 0.89953
58, 30, 0.00000
58, 40, 0.91372
58, 50, 0.92342
58, 60, 0.92798
58, 70, 0.91718
58, 80, 0.85370
59, 0, 0.00000
59, 10, 0.00000
59, 20, 0.00217
59, 30, 0.00002
59, 40, 0.00009
59, 50, 0.92209
59, 60, 0.92873
59, 70, 0.91834
59, 80, 0.85566
60, 0, 0.00000
60, 10, 0.00000
60, 20, 0.00180
60, 30, 0.90062
60, 40, 0.00009
60, 50, 0.92033
60, 60, 0.92669
60, 70, 0.91606
60, 80, 0.85335
61, 0, 0.00000
61, 10, 0.00000
61, 20, 0.00000
61, 30, 0.90022
61, 40, 0.00010
61, 50, 0.91816
61, 60, 0.92705
61, 70, 0.91746
61, 80, 0.85603
62, 0, 0.00000
62, 10, 0.00000
62, 20, 0.00000
62, 30, 0.00000
62, 40, 0.00015
62, 50, 0.91749
62, 60, 0.92375
62, 70, 0.91788
62, 80, 0.85741
63, 0, 0.00000
63, 10, 0.00000
63, 20, 0.00000
63, 30, 0.00000
63, 40, 0.00015
63, 50, 0.91504
63, 60, 0.92555
63, 70, 0.91582
63, 80, 0.85784
64, 0, 0.00000
64, 10, 0.00000
64, 20, 0.00000
64, 30, 0.00212
64, 40, 0.00015
64, 50, 0.91430
64, 60, 0.92354
64, 70, 0.91608
64, 80, 0.85853
65, 0, 0.00000
65, 10, 0.00000
65, 20, 0.00000
65, 30, 0.00185
65, 40, 0.00013
65, 50, 0.91312
65, 60, 0.92236
65, 70, 0.91730
65, 80, 0.85866
66, 0, 0.00000
66, 10, 0.00000
66, 20, 0.00000
66, 30, 0.00195
66, 40, 0.07472
66, 50, 0.91018
66, 60, 0.92080
66, 70, 0.91628
66, 80, 0.86133
67, 0, 0.00000
67, 10, 0.00000
67, 20, 0.00000
67, 30, 0.00000
67, 40, 0.00174
67, 50, 0.00015
67, 60, 0.91874
67, 70, 0.91574
67, 80, 0.86094
68, 0, 0.00000
68, 10, 0.00000
68, 20, 0.00000
68, 30, 0.00000
68, 40, 0.00000
68, 50, 0.00015
68, 60, 0.91658
68, 70, 0.91534
68, 80, 0.86112
69, 0, 0.00000
69, 10, 0.00000
69, 20, 0.00000
69, 30, 0.00001
69, 40, 0.00000
69, 50, 0.00014
69, 60, 0.91588
69, 70, 0.91489
69, 80, 0.86347
70, 0, 0.00000
70, 10, 0.00000
70, 20, 0.00000
70, 30, 0.00000
70, 40, 0.00000
70, 50, 0.00020
70, 60, 0.91398
70, 70, 0.91403
70, 80, 0.86274
71, 0, 0.00000
71, 10, 0.00000
71, 20, 0.00000
71, 30, 0.00000
71, 40, 0.00000
71, 50, 0.61888
71, 60, 0.91363
71, 70, 0.91593
71, 80, 0.86687
72, 0, 0.00000
72, 10, 0.00000
72, 20, 0.00000
72, 30, 0.00000
72, 40, 0.00000
72, 50, 0.62797
72, 60, 0.91092
72, 70, 0.91352
72, 80, 0.86574
73, 0, 0.00000
73, 10, 0.00000
73, 20, 0.00000
73, 30, 0.00000
73, 40, 0.00000
73, 50, 0.63517
73, 60, 0.91147
73, 70, 0.91179
73, 80, 0.86667
74, 0, 0.00000
74, 10, 0.00000
74, 20, 0.00000
74, 30, 0.00000
74, 40, 0.00000
74, 50, 0.64690
74, 60, 0.90969
74, 70, 0.91121
74, 80, 0.86628
75, 0, 0.00000
75, 10, 0.00000
75, 20, 0.00000
75, 30, 0.00000
75, 40, 0.00000
75, 50, 0.65233
75, 60, 0.90737
75, 70, 0.91165
75, 80, 0.86709
76, 0, 0.00000
76, 10, 0.00000
76, 20, 0.00000
76, 30, 0.00000
76, 40, 0.00000
76, 50, 0.65821
76, 60, 0.90602
76, 70, 0.91191
76, 80, 0.86947
77, 0, 0.00000
77, 10, 0.00000
77, 20, 0.00000
77, 30, 0.00000
77, 40, 0.00000
77, 50, 0.00193
77, 60, 0.00014
77, 70, 0.91180
77, 80, 0.86836
78, 0, 0.00000
78, 10, 0.00000
78, 20, 0.00000
78, 30, 0.00000
78, 40, 0.00000
78, 50, 0.00192
78, 60, 0.77716
78, 70, 0.90975
78, 80, 0.86876
79, 0, 0.00000
79, 10, 0.00000
79, 20, 0.00000
79, 30, 0.00000
79, 40, 0.00000
79, 50, 0.00196
79, 60, 0.78283
79, 70, 0.90703
79, 80, 0.86978
80, 0, 0.00000
80, 10, 0.00000
80, 20, 0.00000
80, 30, 0.00000
80, 40, 0.00000
80, 50, 0.00000
80, 60, 0.78935
80, 70, 0.90682
80, 80, 0.87035
81, 0, 0.00000
81, 10, 0.00000
81, 20, 0.00000
81, 30, 0.00000
81, 40, 0.00000
81, 50, 0.00000
81, 60, 0.79437
81, 70, 0.90692
81, 80, 0.87121
82, 0, 0.00000
82, 10, 0.00000
82, 20, 0.00000
82, 30, 0.00000
82, 40, 0.00000
82, 50, 0.00000
82, 60, 0.80078
82, 70, 0.90670
82, 80, 0.87220
83, 0, 0.00000
83, 10, 0.00000
83, 20, 0.00000
83, 30, 0.00000
83, 40, 0.00000
83, 50, 0.00000
83, 60, 0.80447
83, 70, 0.90327
83, 80, 0.87271
84, 0, 0.00000
84, 10, 0.00000
84, 20, 0.00000
84, 30, 0.00000
84, 40, 0.00000
84, 50, 0.00000
84, 60, 0.81113
84, 70, 0.90168
84, 80, 0.87170
85, 0, 0.00000
85, 10, 0.00000
85, 20, 0.00000
85, 30, 0.00000
85, 40, 0.00000
85, 50, 0.00094
85, 60, 0.81352
85, 70, 0.90280
85, 80, 0.87352
86, 0, 0.00000
86, 10, 0.00000
86, 20, 0.00000
86, 30, 0.00000
86, 40, 0.00000
86, 50, 0.00105
86, 60, 0.81850
86, 70, 0.90254
86, 80, 0.87398
87, 0, 0.00000
87, 10, 0.00000
87, 20, 0.00000
87, 30, 0.00000
87, 40, 0.00000
87, 50, 0.00083
87, 60, 0.82150
87, 70, 0.89928
87, 80, 0.87388
88, 0, 0.00000
88, 10, 0.00000
88, 20, 0.00000
88, 30, 0.00000
88, 40, 0.00000
88, 50, 0.00000
88, 60, 0.82613
88, 70, 0.89942
88, 80, 0.87224
89, 0, 0.00000
89, 10, 0.00000
89, 20, 0.00000
89, 30, 0.00000
89, 40, 0.00000
89, 50, 0.00000
89, 60, 0.82942
89, 70, 0.89883
89, 80, 0.87465
90, 0, 0.00000
90, 10, 0.00000
90, 20, 0.00000
90, 30, 0.00000
90, 40, 0.00000
90, 50, 0.00000
90, 60, 0.83190
90, 70, 0.89863
90, 80, 0.87376
91, 0, 0.00000
91, 10, 0.00000
91, 20, 0.00000
91, 30, 0.00000
91, 40, 0.00000
91, 50, 0.00000
91, 60, 0.83531
91, 70, 0.79920
91, 80, 0.87555
92, 0, 0.00000
92, 10, 0.00000
92, 20, 0.00000
92, 30, 0.00000
92, 40, 0.00000
92, 50, 0.00000
92, 60, 0.83675
92, 70, 0.80633
92, 80, 0.87365
93, 0, 0.00000
93, 10, 0.00000
93, 20, 0.00000
93, 30, 0.00000
93, 40, 0.00000
93, 50, 0.00000
93, 60, 0.00261
93, 70, 0.81157
93, 80, 0.87695
94, 0, 0.00000
94, 10, 0.00000
94, 20, 0.00000
94, 30, 0.00000
94, 40, 0.00000
94, 50, 0.00000
94, 60, 0.00298
94, 70, 0.81229
94, 80, 0.87516
95, 0, 0.00000
95, 10, 0.00000
95, 20, 0.00000
95, 30, 0.00000
95, 40, 0.00000
95, 50, 0.00000
95, 60, 0.00275
95, 70, 0.81954
95, 80, 0.87405
96, 0, 0.00000
96, 10, 0.00000
96, 20, 0.00000
96, 30, 0.00000
96, 40, 0.00000
96, 50, 0.00001
96, 60, 0.00000
96, 70, 0.82440
96, 80, 0.87716
97, 0, 0.00000
97, 10, 0.00000
97, 20, 0.00000
97, 30, 0.00000
97, 40, 0.00000
97, 50, 0.00000
97, 60, 0.00000
97, 70, 0.82775
97, 80, 0.87668
98, 0, 0.00000
98, 10, 0.00000
98, 20, 0.00000
98, 30, 0.00000
98, 40, 0.00000
98, 50, 0.00000
98, 60, 0.00182
98, 70, 0.83126
98, 80, 0.87658
99, 0, 0.00000
99, 10, 0.00000
99, 20, 0.00000
99, 30, 0.00000
99, 40, 0.00000
99, 50, 0.00000
99, 60, 0.00171
99, 70, 0.83371
99, 80, 0.87828
100, 0, 0.00000
100, 10, 0.00000
100, 20, 0.00000
100, 30, 0.00000
100, 40, 0.00000
100, 50, 0.00000
100, 60, 0.00181
100, 70, 0.83595
100, 80, 0.87446
0, -10, 0.94414
0, -20, 0.94498
0, -30, 0.94637
0, -40, 0.94811
0, -50, 0.94395
0, -60, 0.92154
0, -70, 0.85311
1, -10, 0.94616
1, -20, 0.94738
1, -30, 0.94916
1, -40, 0.94843
1, -50, 0.94366
1, -60, 0.92071
1, -70, 0.84963
2, -10, 0.94594
2, -20, 0.94739
2, -30, 0.94928
2, -40, 0.94892
2, -50, 0.94265
2, -60, 0.91985
2, -70, 0.84468
3, -10, 0.94653
3, -20, 0.94744
3, -30, 0.94782
3, -40, 0.94860
3, -50, 0.94337
3, -60, 0.91894
3, -70, 0.84223
4, -10, 0.94379
4, -20, 0.94577
4, -30, 0.94809
4, -40, 0.94830
4, -50, 0.94174
4, -60, 0.91564
4, -70, 0.83653
5, -10, 0.94409
5, -20, 0.94575
5, -30, 0.94785
5, -40, 0.94708
5, -50, 0.94073
5, -60, 0.91446
5, -70, 0.83225
6, -10, 0.94521
6, -20, 0.94663
6, -30, 0.94779
6, -40, 0.94701
6, -50, 0.93970
6, -60, 0.91237
6, -70, 0.82956
7, -10, 0.94498
7, -20, 0.94596
7, -30, 0.94660
7, -40, 0.94606
7, -50, 0.93881
7, -60, 0.91121
7, -70, 0.82534
8, -10, 0.94530
8, -20, 0.94599
8, -30, 0.94862
8, -40, 0.94645
8, -50, 0.93782
8, -60, 0.90915
8, -70, 0.82256
9, -10, 0.94527
9, -20, 0.94633
9, -30, 0.94716
9, -40, 0.94658
9, -50, 0.93812
9, -60, 0.90651
9, -70, 0.81430
10, -10, 0.94484
10, -20, 0.94592
10, -30, 0.94623
10, -40, 0.94574
10, -50, 0.93671
10, -60, 0.90392
10, -70, 0.80785
11, -10, 0.94338
11, -20, 0.94408
11, -30, 0.94537
11, -40, 0.94415
11, -50, 0.93484
11, -60, 0.90136
11, -70, 0.80016
12, -10, 0.94431
12, -20, 0.94479
12, -30, 0.94560
12, -40, 0.94332
12, -50, 0.93346
12, -60, 0.89748
12, -70, 0.79473
13, -10, 0.94448
13, -20, 0.94486
13, -30, 0.94567
13, -40, 0.94237
13, -50, 0.93172
13, -60, 0.89405
13, -70, 0.78615
14, -10, 0.94237
14, -20, 0.94331
14, -30, 0.94345
14, -40, 0.94063
14, -50, 0.92843
14, -60, 0.89041
14, -70, 0.77842
15, -10, 0.94246
15, -20, 0.94320
15, -30, 0.94403
15, -40, 0.94152
15, -50, 0.92839
15, -60, 0.88727
15, -70, 0.76428
16, -10, 0.94172
16, -20, 0.94301
16, -30, 0.94275
16, -40, 0.93924
16, -50, 0.92679
16, -60, 0.88376
16, -70, 0.01947
17, -10, 0.94163
17, -20, 0.94216
17, -30, 0.94160
17, -40, 0.93875
17, -50, 0.92251
17, -60, 0.87693
17, -70, 0.01907
18, -10, 0.94112
18, -20, 0.94078
18, -30, 0.93985
18, -40, 0.93649
18, -50, 0.92062
18, -60, 0.86879
18, -70, 0.01819
19, -10, 0.94077
19, -20, 0.94043
19, -30, 0.94001
19, -40, 0.93503
19, -50, 0.91804
19, -60, 0.02195
19, -70, 0.01658
20, -10, 0.94043
20, -20, 0.94047
20, -30, 0.93950
20, -40, 0.93259
20, -50, 0.91300
20, -60, 0.02139
20, -70, 0.01868
21, -10, 0.94107
21, -20, 0.94021
21, -30, 0.93837
21, -40, 0.93122
21, -50, 0.90831
21, -60, 0.02188
21, -70, 0.00047
22, -10, 0.93900
22, -20, 0.93908
22, -30, 0.93684
22, -40, 0.92766
22, -50, 0.02059
22, -60, 0.02018
22, -70, 0.00054
23, -10, 0.93985
23, -20, 0.93891
23, -30, 0.93566
23, -40, 0.92700
23, -50, 0.02138
23, -60, 0.02003
23, -70, 0.00047
24, -10, 0.93859
24, -20, 0.93733
24, -30, 0.93358
24, -40, 0.92161
24, -50, 0.02034
24, -60, 0.01966
24, -70, 0.00069
25, -10, 0.93763
25, -20, 0.93602
25, -30, 0.93310
25, -40, 0.00155
25, -50, 0.02097
25, -60, 0.02046
25, -70, 0.00064
26, -10, 0.93588
26, -20, 0.93410
26, -30, 0.92885
26, -40, 0.02140
26, -50, 0.02092
26, -60, 0.00088
26, -70, 0.00074
27, -10, 0.93448
27, -20, 0.93146
27, -30, 0.92469
27, -40, 0.02163
27, -50, 0.02043
27, -60, 0.00088
27, -70, 0.00098
28, -10, 0.93315
28, -20, 0.93079
28, -30, 0.00010
28, -40, 0.02084
28, -50, 0.02003
28, -60, 0.00110
28, -70, 0.00129
29, -10, 0.93199
29, -20, 0.92815
29, -30, 0.00204
29, -40, 0.02002
29, -50, 0.02033
29, -60, 0.00110
29, -70, 0.00142
30, -10, 0.93125
30, -20, 0.92630
30, -30, 0.02353
30, -40, 0.02119
30, -50, 0.02003
30, -60, 0.00152
30, -70, 0.00194
31, -10, 0.92901
31, -20, 0.00002
31, -30, 0.02363
31, -40, 0.02043
31, -50, 0.00140
31, -60, 0.00177
31, -70, 0.00000
32, -10, 0.92670
32, -20, 0.00006
32, -30, 0.02440
32, -40, 0.02058
32, -50, 0.00190
32, -60, 0.00209
32, -70, 0.00001
33, -10, 0.92629
33, -20, 0.00172
33, -30, 0.02354
33, -40, 0.02083
33, -50, 0.00209
33, -60, 0.00244
33, -70, 0.00000
34, -10, 0.92366
34, -20, 0.04677
34, -30, 0.02321
34, -40, 0.02017
34, -50, 0.00238
34, -60, 0.00341
34, -70, 0.00000
35, -10, 0.00009
35, -20, 0.04773
35, -30, 0.02369
35, -40, 0.02000
35, -50, 0.00286
35, -60, 0.00446
35, -70, 0.00000
36, -10, 0.00011
36, -20, 0.04817
36, -30, 0.02414
36, -40, 0.01976
36, -50, 0.00372
36, -60, 0.00000
36, -70, 0.00001
37, -10, 0.00120
37, -20, 0.04951
37, -30, 0.02402
37, -40, 0.00265
37, -50, 0.00453
37, -60, 0.00000
37, -70, 0.00001
38, -10, 0.89984
38, -20, 0.05045
38, -30, 0.02345
38, -40, 0.00303
38, -50, 0.00004
38, -60, 0.00000
38, -70, 0.00005
39, -10, 0.89969
39, -20, 0.05105
39, -30, 0.02470
39, -40, 0.00392
39, -50, 0.00004
39, -60, 0.00000
39, -70, 0.00000
40, -10, 0.89947
40, -20, 0.05083
40, -30, 0.02389
40, -40, 0.00009
40, -50, 0.00005
40, -60, 0.00000
40, -70, 0.00000
41, -10, 0.90014
41, -20, 0.05107
41, -30, 0.02431
41, -40, 0.00003
41, -50, 0.00010
41, -60, 0.00000
41, -70, 0.00000
42, -10, 0.90014
42, -20, 0.05207
42, -30, 0.02422
42, -40, 0.00002
42, -50, 0.00006
42, -60, 0.00000
42, -70, 0.00000
43, -10, 0.90067
43, -20, 0.05413
43, -30, 0.02313
43, -40, 0.00023
43, -50, 0.00004
43, -60, 0.00000
43, -70, 0.00000
44, -10, 0.90021
44, -20, 0.05500
44, -30, 0.00003
44, -40, 0.00034
44, -50, 0.00001
44, -60, 0.00000
44, -70, 0.00000
45, -10, 0.90049
45, -20, 0.05725
45, -30, 0.00000
45, -40, 0.00025
45, -50, 0.00011
45, -60, 0.00000
45, -70, 0.00000
46, -10, 0.89572
46, -20, 0.05655
46, -30, 0.00000
46, -40, 0.00023
46, -50, 0.00008
46, -60, 0.00000
46, -70, 0.00000
47, -10, 0.89885
47, -20, 0.05741
47, -30, 0.00000
47, -40, 0.00032
47, -50, 0.00004
47, -60, 0.00000
47, -70, 0.00000
48, -10, 0.89566
48, -20, 0.00000
48, -30, 0.00000
48, -40, 0.00022
48, -50, 0.00001
48, -60, 0.00000
48, -70, 0.00000
49, -10, 0.89296
49, -20, 0.00000
49, -30, 0.00000
49, -40, 0.00024
49, -50, 0.00004
49, -60, 0.00001
49, -70, 0.00000
50, -10, 0.00000
50, -20, 0.00000
50, -30, 0.00000
50, -40, 0.00031
50, -50, 0.00002
50, -60, 0.00001
50, -70, 0.00000
51, -10, 0.00000
51, -20, 0.00000
51, -30, 0.00000
51, -40, 0.00020
51, -50, 0.00004
51, -60, 0.00001
51, -70, 0.00000
52, -10, 0.00000
52, -20, 0.00000
52, -30, 0.00000
52, -40, 0.00029
52, -50, 0.00004
52, -60, 0.00001
52, -70, 0.00000
53, -10, 0.00000
53, -20, 0.00000
53, -30, 0.00000
53, -40, 0.00028
53, -50, 0.00009
53, -60, 0.00001
53, -70, 0.00000
54, -10, 0.00000
54, -20, 0.00000
54, -30, 0.00000
54, -40, 0.00026
54, -50, 0.00004
54, -60, 0.00003
54, -70, 0.00000
55, -10, 0.00000
55, -20, 0.00000
55, -30, 0.00000
55, -40, 0.00023
55, -50, 0.00000
55, -60, 0.00003
55, -70, 0.00000
56, -10, 0.00000
56, -20, 0.00000
56, -30, 0.00000
56, -40, 0.00021
56, -50, 0.00004
56, -60, 0.00005
56, -70, 0.00000
57, -10, 0.00000
57, -20, 0.00000
57, -30, 0.00000
57, -40, 0.00019
57, -50, 0.00000
57, -60, 0.00005
57, -70, 0.00000
58, -10, 0.00000
58, -20, 0.00000
58, -30, 0.00000
58, -40, 0.00018
58, -50, 0.00000
58, -60, 0.00010
58, -70, 0.00000
59, -10, 0.00000
59, -20, 0.00000
59, -30, 0.00000
59, -40, 0.00026
59, -50, 0.00000
59, -60, 0.00007
59, -70, 0.00000
60, -10, 0.00000
60, -20, 0.00000
60, -30, 0.00000
60, -40, 0.00021
60, -50, 0.00000
60, -60, 0.00006
60, -70, 0.00000
